{
 "cells": [
  {
   "cell_type": "code",
   "execution_count": 41,
   "id": "87b270a2",
   "metadata": {},
   "outputs": [],
   "source": [
    "import pandas as pd\n",
    "import plotly.express as px\n",
    "import json"
   ]
  },
  {
   "cell_type": "code",
   "execution_count": null,
   "id": "0a5537b3",
   "metadata": {},
   "outputs": [],
   "source": []
  },
  {
   "cell_type": "code",
   "execution_count": 42,
   "id": "75152e8a",
   "metadata": {},
   "outputs": [],
   "source": [
    "def load_json_df(json_file):\n",
    "    with open(json_file) as f:\n",
    "        json_data = json.load(f)\n",
    "    return pd.DataFrame(json_data[\"data\"])"
   ]
  },
  {
   "cell_type": "code",
   "execution_count": null,
   "id": "a1b34c96",
   "metadata": {},
   "outputs": [],
   "source": []
  },
  {
   "cell_type": "code",
   "execution_count": 36,
   "id": "0acc4f8c",
   "metadata": {},
   "outputs": [],
   "source": [
    "rms_df_mnist = load_json_df(\"mnist_log_rmsprop.json\")"
   ]
  },
  {
   "cell_type": "code",
   "execution_count": 38,
   "id": "5aa32a5f",
   "metadata": {},
   "outputs": [
    {
     "data": {
      "text/html": [
       "<div>\n",
       "<style scoped>\n",
       "    .dataframe tbody tr th:only-of-type {\n",
       "        vertical-align: middle;\n",
       "    }\n",
       "\n",
       "    .dataframe tbody tr th {\n",
       "        vertical-align: top;\n",
       "    }\n",
       "\n",
       "    .dataframe thead th {\n",
       "        text-align: right;\n",
       "    }\n",
       "</style>\n",
       "<table border=\"1\" class=\"dataframe\">\n",
       "  <thead>\n",
       "    <tr style=\"text-align: right;\">\n",
       "      <th></th>\n",
       "      <th>model_name</th>\n",
       "      <th>train_loss</th>\n",
       "      <th>train_acc</th>\n",
       "      <th>val_loss</th>\n",
       "      <th>val_acc</th>\n",
       "      <th>test_loss</th>\n",
       "      <th>test_acc</th>\n",
       "    </tr>\n",
       "  </thead>\n",
       "  <tbody>\n",
       "    <tr>\n",
       "      <th>6</th>\n",
       "      <td>BasicConvModel-MishAuto</td>\n",
       "      <td>[0.366, 0.068, 0.041, 0.033, 0.025, 0.02, 0.01...</td>\n",
       "      <td>[89.572, 97.959, 98.674, 98.944, 99.187, 99.35...</td>\n",
       "      <td>[0.042, 0.058, 0.034, 0.067, 0.099, 0.054, 0.0...</td>\n",
       "      <td>[89.572, 97.959, 98.674, 98.944, 99.187, 99.35...</td>\n",
       "      <td>0.021</td>\n",
       "      <td>99.53</td>\n",
       "    </tr>\n",
       "    <tr>\n",
       "      <th>5</th>\n",
       "      <td>BasicConvModel-ProposedAuto</td>\n",
       "      <td>[0.364, 0.064, 0.044, 0.033, 0.026, 0.021, 0.0...</td>\n",
       "      <td>[89.707, 98.083, 98.635, 98.952, 99.198, 99.37...</td>\n",
       "      <td>[0.071, 0.069, 0.033, 0.049, 0.09, 0.031, 0.03...</td>\n",
       "      <td>[89.707, 98.083, 98.635, 98.952, 99.198, 99.37...</td>\n",
       "      <td>0.026</td>\n",
       "      <td>99.45</td>\n",
       "    </tr>\n",
       "    <tr>\n",
       "      <th>1</th>\n",
       "      <td>BasicConvModel-ReLU</td>\n",
       "      <td>[0.358, 0.067, 0.04, 0.034, 0.024, 0.021, 0.01...</td>\n",
       "      <td>[89.809, 97.937, 98.744, 98.98, 99.219, 99.374...</td>\n",
       "      <td>[0.099, 0.049, 0.032, 0.05, 0.323, 0.028, 0.03...</td>\n",
       "      <td>[89.809, 97.937, 98.744, 98.98, 99.219, 99.374...</td>\n",
       "      <td>0.026</td>\n",
       "      <td>99.43</td>\n",
       "    </tr>\n",
       "    <tr>\n",
       "      <th>0</th>\n",
       "      <td>BasicConvModel-GELU</td>\n",
       "      <td>[0.368, 0.062, 0.045, 0.033, 0.025, 0.02, 0.01...</td>\n",
       "      <td>[89.55, 98.096, 98.615, 99.006, 99.23, 99.376,...</td>\n",
       "      <td>[0.058, 0.053, 0.033, 0.091, 0.103, 0.03, 0.03...</td>\n",
       "      <td>[89.55, 98.096, 98.615, 99.006, 99.23, 99.376,...</td>\n",
       "      <td>0.031</td>\n",
       "      <td>99.37</td>\n",
       "    </tr>\n",
       "    <tr>\n",
       "      <th>3</th>\n",
       "      <td>BasicConvModel-SwishAuto</td>\n",
       "      <td>[0.372, 0.066, 0.043, 0.034, 0.025, 0.021, 0.0...</td>\n",
       "      <td>[89.454, 98.059, 98.665, 98.967, 99.243, 99.33...</td>\n",
       "      <td>[0.061, 0.06, 0.028, 0.044, 0.205, 0.035, 0.03...</td>\n",
       "      <td>[89.454, 98.059, 98.665, 98.967, 99.243, 99.33...</td>\n",
       "      <td>0.042</td>\n",
       "      <td>99.35</td>\n",
       "    </tr>\n",
       "    <tr>\n",
       "      <th>2</th>\n",
       "      <td>BasicConvModel-Tanh</td>\n",
       "      <td>[0.366, 0.055, 0.048, 0.032, 0.024, 0.02, 0.01...</td>\n",
       "      <td>[89.683, 98.319, 98.509, 98.987, 99.25, 99.341...</td>\n",
       "      <td>[0.233, 0.062, 0.027, 0.05, 0.046, 0.034, 0.02...</td>\n",
       "      <td>[89.683, 98.319, 98.509, 98.987, 99.25, 99.341...</td>\n",
       "      <td>0.040</td>\n",
       "      <td>99.32</td>\n",
       "    </tr>\n",
       "    <tr>\n",
       "      <th>4</th>\n",
       "      <td>BasicConvModel-Sigmoid</td>\n",
       "      <td>[0.36, 0.072, 0.042, 0.032, 0.026, 0.021, 0.01...</td>\n",
       "      <td>[89.657, 97.944, 98.706, 98.978, 99.219, 99.31...</td>\n",
       "      <td>[0.049, 0.054, 0.031, 0.062, 0.114, 0.044, 0.0...</td>\n",
       "      <td>[89.657, 97.944, 98.706, 98.978, 99.219, 99.31...</td>\n",
       "      <td>0.042</td>\n",
       "      <td>99.22</td>\n",
       "    </tr>\n",
       "    <tr>\n",
       "      <th>7</th>\n",
       "      <td>BasicConvModel-LeakyReLU</td>\n",
       "      <td>[0.363, 0.063, 0.044, 0.033, 0.025, 0.019, 0.0...</td>\n",
       "      <td>[89.665, 98.052, 98.657, 98.983, 99.224, 99.38...</td>\n",
       "      <td>[0.065, 0.042, 0.025, 0.071, 0.036, 0.025, 0.0...</td>\n",
       "      <td>[89.665, 98.052, 98.657, 98.983, 99.224, 99.38...</td>\n",
       "      <td>0.044</td>\n",
       "      <td>99.17</td>\n",
       "    </tr>\n",
       "  </tbody>\n",
       "</table>\n",
       "</div>"
      ],
      "text/plain": [
       "                    model_name  \\\n",
       "6      BasicConvModel-MishAuto   \n",
       "5  BasicConvModel-ProposedAuto   \n",
       "1          BasicConvModel-ReLU   \n",
       "0          BasicConvModel-GELU   \n",
       "3     BasicConvModel-SwishAuto   \n",
       "2          BasicConvModel-Tanh   \n",
       "4       BasicConvModel-Sigmoid   \n",
       "7     BasicConvModel-LeakyReLU   \n",
       "\n",
       "                                          train_loss  \\\n",
       "6  [0.366, 0.068, 0.041, 0.033, 0.025, 0.02, 0.01...   \n",
       "5  [0.364, 0.064, 0.044, 0.033, 0.026, 0.021, 0.0...   \n",
       "1  [0.358, 0.067, 0.04, 0.034, 0.024, 0.021, 0.01...   \n",
       "0  [0.368, 0.062, 0.045, 0.033, 0.025, 0.02, 0.01...   \n",
       "3  [0.372, 0.066, 0.043, 0.034, 0.025, 0.021, 0.0...   \n",
       "2  [0.366, 0.055, 0.048, 0.032, 0.024, 0.02, 0.01...   \n",
       "4  [0.36, 0.072, 0.042, 0.032, 0.026, 0.021, 0.01...   \n",
       "7  [0.363, 0.063, 0.044, 0.033, 0.025, 0.019, 0.0...   \n",
       "\n",
       "                                           train_acc  \\\n",
       "6  [89.572, 97.959, 98.674, 98.944, 99.187, 99.35...   \n",
       "5  [89.707, 98.083, 98.635, 98.952, 99.198, 99.37...   \n",
       "1  [89.809, 97.937, 98.744, 98.98, 99.219, 99.374...   \n",
       "0  [89.55, 98.096, 98.615, 99.006, 99.23, 99.376,...   \n",
       "3  [89.454, 98.059, 98.665, 98.967, 99.243, 99.33...   \n",
       "2  [89.683, 98.319, 98.509, 98.987, 99.25, 99.341...   \n",
       "4  [89.657, 97.944, 98.706, 98.978, 99.219, 99.31...   \n",
       "7  [89.665, 98.052, 98.657, 98.983, 99.224, 99.38...   \n",
       "\n",
       "                                            val_loss  \\\n",
       "6  [0.042, 0.058, 0.034, 0.067, 0.099, 0.054, 0.0...   \n",
       "5  [0.071, 0.069, 0.033, 0.049, 0.09, 0.031, 0.03...   \n",
       "1  [0.099, 0.049, 0.032, 0.05, 0.323, 0.028, 0.03...   \n",
       "0  [0.058, 0.053, 0.033, 0.091, 0.103, 0.03, 0.03...   \n",
       "3  [0.061, 0.06, 0.028, 0.044, 0.205, 0.035, 0.03...   \n",
       "2  [0.233, 0.062, 0.027, 0.05, 0.046, 0.034, 0.02...   \n",
       "4  [0.049, 0.054, 0.031, 0.062, 0.114, 0.044, 0.0...   \n",
       "7  [0.065, 0.042, 0.025, 0.071, 0.036, 0.025, 0.0...   \n",
       "\n",
       "                                             val_acc  test_loss  test_acc  \n",
       "6  [89.572, 97.959, 98.674, 98.944, 99.187, 99.35...      0.021     99.53  \n",
       "5  [89.707, 98.083, 98.635, 98.952, 99.198, 99.37...      0.026     99.45  \n",
       "1  [89.809, 97.937, 98.744, 98.98, 99.219, 99.374...      0.026     99.43  \n",
       "0  [89.55, 98.096, 98.615, 99.006, 99.23, 99.376,...      0.031     99.37  \n",
       "3  [89.454, 98.059, 98.665, 98.967, 99.243, 99.33...      0.042     99.35  \n",
       "2  [89.683, 98.319, 98.509, 98.987, 99.25, 99.341...      0.040     99.32  \n",
       "4  [89.657, 97.944, 98.706, 98.978, 99.219, 99.31...      0.042     99.22  \n",
       "7  [89.665, 98.052, 98.657, 98.983, 99.224, 99.38...      0.044     99.17  "
      ]
     },
     "execution_count": 38,
     "metadata": {},
     "output_type": "execute_result"
    }
   ],
   "source": [
    "rms_df_mnist.sort_values(\"test_acc\", ascending=False)"
   ]
  },
  {
   "cell_type": "code",
   "execution_count": 37,
   "id": "5164a729",
   "metadata": {},
   "outputs": [
    {
     "data": {
      "text/html": [
       "<div>\n",
       "<style scoped>\n",
       "    .dataframe tbody tr th:only-of-type {\n",
       "        vertical-align: middle;\n",
       "    }\n",
       "\n",
       "    .dataframe tbody tr th {\n",
       "        vertical-align: top;\n",
       "    }\n",
       "\n",
       "    .dataframe thead th {\n",
       "        text-align: right;\n",
       "    }\n",
       "</style>\n",
       "<table border=\"1\" class=\"dataframe\">\n",
       "  <thead>\n",
       "    <tr style=\"text-align: right;\">\n",
       "      <th></th>\n",
       "      <th>model_name</th>\n",
       "      <th>train_loss</th>\n",
       "      <th>train_acc</th>\n",
       "      <th>val_loss</th>\n",
       "      <th>val_acc</th>\n",
       "      <th>test_loss</th>\n",
       "      <th>test_acc</th>\n",
       "      <th>final_val_acc</th>\n",
       "    </tr>\n",
       "  </thead>\n",
       "  <tbody>\n",
       "    <tr>\n",
       "      <th>6</th>\n",
       "      <td>BasicConvModel-MishAuto</td>\n",
       "      <td>[0.366, 0.068, 0.041, 0.033, 0.025, 0.02, 0.01...</td>\n",
       "      <td>[89.572, 97.959, 98.674, 98.944, 99.187, 99.35...</td>\n",
       "      <td>[0.042, 0.058, 0.034, 0.067, 0.099, 0.054, 0.0...</td>\n",
       "      <td>[89.572, 97.959, 98.674, 98.944, 99.187, 99.35...</td>\n",
       "      <td>0.021</td>\n",
       "      <td>99.53</td>\n",
       "      <td>99.828</td>\n",
       "    </tr>\n",
       "    <tr>\n",
       "      <th>7</th>\n",
       "      <td>BasicConvModel-LeakyReLU</td>\n",
       "      <td>[0.363, 0.063, 0.044, 0.033, 0.025, 0.019, 0.0...</td>\n",
       "      <td>[89.665, 98.052, 98.657, 98.983, 99.224, 99.38...</td>\n",
       "      <td>[0.065, 0.042, 0.025, 0.071, 0.036, 0.025, 0.0...</td>\n",
       "      <td>[89.665, 98.052, 98.657, 98.983, 99.224, 99.38...</td>\n",
       "      <td>0.044</td>\n",
       "      <td>99.17</td>\n",
       "      <td>99.828</td>\n",
       "    </tr>\n",
       "    <tr>\n",
       "      <th>3</th>\n",
       "      <td>BasicConvModel-SwishAuto</td>\n",
       "      <td>[0.372, 0.066, 0.043, 0.034, 0.025, 0.021, 0.0...</td>\n",
       "      <td>[89.454, 98.059, 98.665, 98.967, 99.243, 99.33...</td>\n",
       "      <td>[0.061, 0.06, 0.028, 0.044, 0.205, 0.035, 0.03...</td>\n",
       "      <td>[89.454, 98.059, 98.665, 98.967, 99.243, 99.33...</td>\n",
       "      <td>0.042</td>\n",
       "      <td>99.35</td>\n",
       "      <td>99.822</td>\n",
       "    </tr>\n",
       "    <tr>\n",
       "      <th>4</th>\n",
       "      <td>BasicConvModel-Sigmoid</td>\n",
       "      <td>[0.36, 0.072, 0.042, 0.032, 0.026, 0.021, 0.01...</td>\n",
       "      <td>[89.657, 97.944, 98.706, 98.978, 99.219, 99.31...</td>\n",
       "      <td>[0.049, 0.054, 0.031, 0.062, 0.114, 0.044, 0.0...</td>\n",
       "      <td>[89.657, 97.944, 98.706, 98.978, 99.219, 99.31...</td>\n",
       "      <td>0.042</td>\n",
       "      <td>99.22</td>\n",
       "      <td>99.819</td>\n",
       "    </tr>\n",
       "    <tr>\n",
       "      <th>5</th>\n",
       "      <td>BasicConvModel-ProposedAuto</td>\n",
       "      <td>[0.364, 0.064, 0.044, 0.033, 0.026, 0.021, 0.0...</td>\n",
       "      <td>[89.707, 98.083, 98.635, 98.952, 99.198, 99.37...</td>\n",
       "      <td>[0.071, 0.069, 0.033, 0.049, 0.09, 0.031, 0.03...</td>\n",
       "      <td>[89.707, 98.083, 98.635, 98.952, 99.198, 99.37...</td>\n",
       "      <td>0.026</td>\n",
       "      <td>99.45</td>\n",
       "      <td>99.817</td>\n",
       "    </tr>\n",
       "    <tr>\n",
       "      <th>0</th>\n",
       "      <td>BasicConvModel-GELU</td>\n",
       "      <td>[0.368, 0.062, 0.045, 0.033, 0.025, 0.02, 0.01...</td>\n",
       "      <td>[89.55, 98.096, 98.615, 99.006, 99.23, 99.376,...</td>\n",
       "      <td>[0.058, 0.053, 0.033, 0.091, 0.103, 0.03, 0.03...</td>\n",
       "      <td>[89.55, 98.096, 98.615, 99.006, 99.23, 99.376,...</td>\n",
       "      <td>0.031</td>\n",
       "      <td>99.37</td>\n",
       "      <td>99.806</td>\n",
       "    </tr>\n",
       "    <tr>\n",
       "      <th>2</th>\n",
       "      <td>BasicConvModel-Tanh</td>\n",
       "      <td>[0.366, 0.055, 0.048, 0.032, 0.024, 0.02, 0.01...</td>\n",
       "      <td>[89.683, 98.319, 98.509, 98.987, 99.25, 99.341...</td>\n",
       "      <td>[0.233, 0.062, 0.027, 0.05, 0.046, 0.034, 0.02...</td>\n",
       "      <td>[89.683, 98.319, 98.509, 98.987, 99.25, 99.341...</td>\n",
       "      <td>0.040</td>\n",
       "      <td>99.32</td>\n",
       "      <td>99.798</td>\n",
       "    </tr>\n",
       "    <tr>\n",
       "      <th>1</th>\n",
       "      <td>BasicConvModel-ReLU</td>\n",
       "      <td>[0.358, 0.067, 0.04, 0.034, 0.024, 0.021, 0.01...</td>\n",
       "      <td>[89.809, 97.937, 98.744, 98.98, 99.219, 99.374...</td>\n",
       "      <td>[0.099, 0.049, 0.032, 0.05, 0.323, 0.028, 0.03...</td>\n",
       "      <td>[89.809, 97.937, 98.744, 98.98, 99.219, 99.374...</td>\n",
       "      <td>0.026</td>\n",
       "      <td>99.43</td>\n",
       "      <td>99.791</td>\n",
       "    </tr>\n",
       "  </tbody>\n",
       "</table>\n",
       "</div>"
      ],
      "text/plain": [
       "                    model_name  \\\n",
       "6      BasicConvModel-MishAuto   \n",
       "7     BasicConvModel-LeakyReLU   \n",
       "3     BasicConvModel-SwishAuto   \n",
       "4       BasicConvModel-Sigmoid   \n",
       "5  BasicConvModel-ProposedAuto   \n",
       "0          BasicConvModel-GELU   \n",
       "2          BasicConvModel-Tanh   \n",
       "1          BasicConvModel-ReLU   \n",
       "\n",
       "                                          train_loss  \\\n",
       "6  [0.366, 0.068, 0.041, 0.033, 0.025, 0.02, 0.01...   \n",
       "7  [0.363, 0.063, 0.044, 0.033, 0.025, 0.019, 0.0...   \n",
       "3  [0.372, 0.066, 0.043, 0.034, 0.025, 0.021, 0.0...   \n",
       "4  [0.36, 0.072, 0.042, 0.032, 0.026, 0.021, 0.01...   \n",
       "5  [0.364, 0.064, 0.044, 0.033, 0.026, 0.021, 0.0...   \n",
       "0  [0.368, 0.062, 0.045, 0.033, 0.025, 0.02, 0.01...   \n",
       "2  [0.366, 0.055, 0.048, 0.032, 0.024, 0.02, 0.01...   \n",
       "1  [0.358, 0.067, 0.04, 0.034, 0.024, 0.021, 0.01...   \n",
       "\n",
       "                                           train_acc  \\\n",
       "6  [89.572, 97.959, 98.674, 98.944, 99.187, 99.35...   \n",
       "7  [89.665, 98.052, 98.657, 98.983, 99.224, 99.38...   \n",
       "3  [89.454, 98.059, 98.665, 98.967, 99.243, 99.33...   \n",
       "4  [89.657, 97.944, 98.706, 98.978, 99.219, 99.31...   \n",
       "5  [89.707, 98.083, 98.635, 98.952, 99.198, 99.37...   \n",
       "0  [89.55, 98.096, 98.615, 99.006, 99.23, 99.376,...   \n",
       "2  [89.683, 98.319, 98.509, 98.987, 99.25, 99.341...   \n",
       "1  [89.809, 97.937, 98.744, 98.98, 99.219, 99.374...   \n",
       "\n",
       "                                            val_loss  \\\n",
       "6  [0.042, 0.058, 0.034, 0.067, 0.099, 0.054, 0.0...   \n",
       "7  [0.065, 0.042, 0.025, 0.071, 0.036, 0.025, 0.0...   \n",
       "3  [0.061, 0.06, 0.028, 0.044, 0.205, 0.035, 0.03...   \n",
       "4  [0.049, 0.054, 0.031, 0.062, 0.114, 0.044, 0.0...   \n",
       "5  [0.071, 0.069, 0.033, 0.049, 0.09, 0.031, 0.03...   \n",
       "0  [0.058, 0.053, 0.033, 0.091, 0.103, 0.03, 0.03...   \n",
       "2  [0.233, 0.062, 0.027, 0.05, 0.046, 0.034, 0.02...   \n",
       "1  [0.099, 0.049, 0.032, 0.05, 0.323, 0.028, 0.03...   \n",
       "\n",
       "                                             val_acc  test_loss  test_acc  \\\n",
       "6  [89.572, 97.959, 98.674, 98.944, 99.187, 99.35...      0.021     99.53   \n",
       "7  [89.665, 98.052, 98.657, 98.983, 99.224, 99.38...      0.044     99.17   \n",
       "3  [89.454, 98.059, 98.665, 98.967, 99.243, 99.33...      0.042     99.35   \n",
       "4  [89.657, 97.944, 98.706, 98.978, 99.219, 99.31...      0.042     99.22   \n",
       "5  [89.707, 98.083, 98.635, 98.952, 99.198, 99.37...      0.026     99.45   \n",
       "0  [89.55, 98.096, 98.615, 99.006, 99.23, 99.376,...      0.031     99.37   \n",
       "2  [89.683, 98.319, 98.509, 98.987, 99.25, 99.341...      0.040     99.32   \n",
       "1  [89.809, 97.937, 98.744, 98.98, 99.219, 99.374...      0.026     99.43   \n",
       "\n",
       "   final_val_acc  \n",
       "6         99.828  \n",
       "7         99.828  \n",
       "3         99.822  \n",
       "4         99.819  \n",
       "5         99.817  \n",
       "0         99.806  \n",
       "2         99.798  \n",
       "1         99.791  "
      ]
     },
     "execution_count": 37,
     "metadata": {},
     "output_type": "execute_result"
    }
   ],
   "source": [
    "rms_df_mnist.assign(final_val_acc = lambda x: x['val_acc'].apply(lambda vals: vals[-1])).sort_values(\"final_val_acc\", ascending=False)"
   ]
  },
  {
   "cell_type": "code",
   "execution_count": null,
   "id": "ad7d4801",
   "metadata": {},
   "outputs": [],
   "source": []
  },
  {
   "cell_type": "code",
   "execution_count": 33,
   "id": "a0e0e8c4",
   "metadata": {},
   "outputs": [],
   "source": [
    "rms_df = load_json_df(\"cifar10_log_rmsprop.json\")"
   ]
  },
  {
   "cell_type": "code",
   "execution_count": 35,
   "id": "bc6e0351",
   "metadata": {},
   "outputs": [
    {
     "data": {
      "text/html": [
       "<div>\n",
       "<style scoped>\n",
       "    .dataframe tbody tr th:only-of-type {\n",
       "        vertical-align: middle;\n",
       "    }\n",
       "\n",
       "    .dataframe tbody tr th {\n",
       "        vertical-align: top;\n",
       "    }\n",
       "\n",
       "    .dataframe thead th {\n",
       "        text-align: right;\n",
       "    }\n",
       "</style>\n",
       "<table border=\"1\" class=\"dataframe\">\n",
       "  <thead>\n",
       "    <tr style=\"text-align: right;\">\n",
       "      <th></th>\n",
       "      <th>model_name</th>\n",
       "      <th>train_loss</th>\n",
       "      <th>train_acc</th>\n",
       "      <th>val_loss</th>\n",
       "      <th>val_acc</th>\n",
       "      <th>test_loss</th>\n",
       "      <th>test_acc</th>\n",
       "    </tr>\n",
       "  </thead>\n",
       "  <tbody>\n",
       "    <tr>\n",
       "      <th>5</th>\n",
       "      <td>BasicConvModel-ProposedAuto</td>\n",
       "      <td>[1.675, 1.042, 0.825, 0.718, 0.642, 0.582, 0.5...</td>\n",
       "      <td>[39.044, 63.127, 71.229, 75.111, 77.844, 79.93...</td>\n",
       "      <td>[1.533, 1.117, 0.733, 0.684, 0.708, 0.833, 0.5...</td>\n",
       "      <td>[39.044, 63.127, 71.229, 75.111, 77.844, 79.93...</td>\n",
       "      <td>0.511</td>\n",
       "      <td>88.55</td>\n",
       "    </tr>\n",
       "    <tr>\n",
       "      <th>6</th>\n",
       "      <td>BasicConvModel-Sigmoid</td>\n",
       "      <td>[1.669, 1.031, 0.817, 0.708, 0.635, 0.573, 0.5...</td>\n",
       "      <td>[39.282, 63.491, 71.651, 75.518, 78.202, 80.11...</td>\n",
       "      <td>[1.521, 0.869, 0.857, 0.646, 0.839, 0.837, 0.5...</td>\n",
       "      <td>[39.282, 63.491, 71.651, 75.518, 78.202, 80.11...</td>\n",
       "      <td>0.556</td>\n",
       "      <td>87.88</td>\n",
       "    </tr>\n",
       "    <tr>\n",
       "      <th>3</th>\n",
       "      <td>BasicConvModel-MishAuto</td>\n",
       "      <td>[1.682, 1.049, 0.823, 0.716, 0.639, 0.578, 0.5...</td>\n",
       "      <td>[38.744, 63.016, 71.351, 75.427, 78.209, 80.08...</td>\n",
       "      <td>[1.596, 0.9, 0.772, 0.914, 0.681, 0.747, 0.752...</td>\n",
       "      <td>[38.744, 63.016, 71.351, 75.427, 78.209, 80.08...</td>\n",
       "      <td>0.550</td>\n",
       "      <td>87.76</td>\n",
       "    </tr>\n",
       "    <tr>\n",
       "      <th>1</th>\n",
       "      <td>BasicConvModel-ReLU</td>\n",
       "      <td>[1.674, 1.051, 0.828, 0.72, 0.646, 0.585, 0.53...</td>\n",
       "      <td>[39.02, 62.567, 71.296, 75.018, 77.802, 79.851...</td>\n",
       "      <td>[1.883, 1.031, 0.828, 0.769, 0.71, 0.649, 0.62...</td>\n",
       "      <td>[39.02, 62.567, 71.296, 75.018, 77.802, 79.851...</td>\n",
       "      <td>0.552</td>\n",
       "      <td>87.70</td>\n",
       "    </tr>\n",
       "    <tr>\n",
       "      <th>0</th>\n",
       "      <td>BasicConvModel-LeakyReLU</td>\n",
       "      <td>[1.68, 1.041, 0.818, 0.709, 0.638, 0.577, 0.53...</td>\n",
       "      <td>[38.573, 63.251, 71.533, 75.389, 77.962, 80.08...</td>\n",
       "      <td>[1.54, 0.972, 0.719, 0.643, 0.894, 0.71, 0.654...</td>\n",
       "      <td>[38.573, 63.251, 71.533, 75.389, 77.962, 80.08...</td>\n",
       "      <td>0.537</td>\n",
       "      <td>87.64</td>\n",
       "    </tr>\n",
       "    <tr>\n",
       "      <th>4</th>\n",
       "      <td>BasicConvModel-GELU</td>\n",
       "      <td>[1.671, 1.039, 0.821, 0.713, 0.635, 0.572, 0.5...</td>\n",
       "      <td>[39.038, 63.104, 71.267, 75.251, 78.222, 80.19...</td>\n",
       "      <td>[1.59, 1.072, 0.776, 0.718, 0.739, 0.618, 0.84...</td>\n",
       "      <td>[39.038, 63.104, 71.267, 75.251, 78.222, 80.19...</td>\n",
       "      <td>0.573</td>\n",
       "      <td>87.64</td>\n",
       "    </tr>\n",
       "    <tr>\n",
       "      <th>2</th>\n",
       "      <td>BasicConvModel-Tanh</td>\n",
       "      <td>[1.672, 1.039, 0.817, 0.714, 0.642, 0.58, 0.53...</td>\n",
       "      <td>[39.042, 63.24, 71.758, 75.356, 77.84, 80.189,...</td>\n",
       "      <td>[1.492, 1.119, 0.749, 0.686, 0.635, 0.724, 0.6...</td>\n",
       "      <td>[39.042, 63.24, 71.758, 75.356, 77.84, 80.189,...</td>\n",
       "      <td>0.559</td>\n",
       "      <td>87.38</td>\n",
       "    </tr>\n",
       "    <tr>\n",
       "      <th>7</th>\n",
       "      <td>BasicConvModel-SwishAuto</td>\n",
       "      <td>[1.673, 1.041, 0.825, 0.708, 0.634, 0.576, 0.5...</td>\n",
       "      <td>[39.091, 63.371, 71.351, 75.613, 78.347, 80.12...</td>\n",
       "      <td>[1.513, 1.245, 0.738, 0.88, 0.718, 0.632, 0.64...</td>\n",
       "      <td>[39.091, 63.371, 71.351, 75.613, 78.347, 80.12...</td>\n",
       "      <td>0.595</td>\n",
       "      <td>86.88</td>\n",
       "    </tr>\n",
       "  </tbody>\n",
       "</table>\n",
       "</div>"
      ],
      "text/plain": [
       "                    model_name  \\\n",
       "5  BasicConvModel-ProposedAuto   \n",
       "6       BasicConvModel-Sigmoid   \n",
       "3      BasicConvModel-MishAuto   \n",
       "1          BasicConvModel-ReLU   \n",
       "0     BasicConvModel-LeakyReLU   \n",
       "4          BasicConvModel-GELU   \n",
       "2          BasicConvModel-Tanh   \n",
       "7     BasicConvModel-SwishAuto   \n",
       "\n",
       "                                          train_loss  \\\n",
       "5  [1.675, 1.042, 0.825, 0.718, 0.642, 0.582, 0.5...   \n",
       "6  [1.669, 1.031, 0.817, 0.708, 0.635, 0.573, 0.5...   \n",
       "3  [1.682, 1.049, 0.823, 0.716, 0.639, 0.578, 0.5...   \n",
       "1  [1.674, 1.051, 0.828, 0.72, 0.646, 0.585, 0.53...   \n",
       "0  [1.68, 1.041, 0.818, 0.709, 0.638, 0.577, 0.53...   \n",
       "4  [1.671, 1.039, 0.821, 0.713, 0.635, 0.572, 0.5...   \n",
       "2  [1.672, 1.039, 0.817, 0.714, 0.642, 0.58, 0.53...   \n",
       "7  [1.673, 1.041, 0.825, 0.708, 0.634, 0.576, 0.5...   \n",
       "\n",
       "                                           train_acc  \\\n",
       "5  [39.044, 63.127, 71.229, 75.111, 77.844, 79.93...   \n",
       "6  [39.282, 63.491, 71.651, 75.518, 78.202, 80.11...   \n",
       "3  [38.744, 63.016, 71.351, 75.427, 78.209, 80.08...   \n",
       "1  [39.02, 62.567, 71.296, 75.018, 77.802, 79.851...   \n",
       "0  [38.573, 63.251, 71.533, 75.389, 77.962, 80.08...   \n",
       "4  [39.038, 63.104, 71.267, 75.251, 78.222, 80.19...   \n",
       "2  [39.042, 63.24, 71.758, 75.356, 77.84, 80.189,...   \n",
       "7  [39.091, 63.371, 71.351, 75.613, 78.347, 80.12...   \n",
       "\n",
       "                                            val_loss  \\\n",
       "5  [1.533, 1.117, 0.733, 0.684, 0.708, 0.833, 0.5...   \n",
       "6  [1.521, 0.869, 0.857, 0.646, 0.839, 0.837, 0.5...   \n",
       "3  [1.596, 0.9, 0.772, 0.914, 0.681, 0.747, 0.752...   \n",
       "1  [1.883, 1.031, 0.828, 0.769, 0.71, 0.649, 0.62...   \n",
       "0  [1.54, 0.972, 0.719, 0.643, 0.894, 0.71, 0.654...   \n",
       "4  [1.59, 1.072, 0.776, 0.718, 0.739, 0.618, 0.84...   \n",
       "2  [1.492, 1.119, 0.749, 0.686, 0.635, 0.724, 0.6...   \n",
       "7  [1.513, 1.245, 0.738, 0.88, 0.718, 0.632, 0.64...   \n",
       "\n",
       "                                             val_acc  test_loss  test_acc  \n",
       "5  [39.044, 63.127, 71.229, 75.111, 77.844, 79.93...      0.511     88.55  \n",
       "6  [39.282, 63.491, 71.651, 75.518, 78.202, 80.11...      0.556     87.88  \n",
       "3  [38.744, 63.016, 71.351, 75.427, 78.209, 80.08...      0.550     87.76  \n",
       "1  [39.02, 62.567, 71.296, 75.018, 77.802, 79.851...      0.552     87.70  \n",
       "0  [38.573, 63.251, 71.533, 75.389, 77.962, 80.08...      0.537     87.64  \n",
       "4  [39.038, 63.104, 71.267, 75.251, 78.222, 80.19...      0.573     87.64  \n",
       "2  [39.042, 63.24, 71.758, 75.356, 77.84, 80.189,...      0.559     87.38  \n",
       "7  [39.091, 63.371, 71.351, 75.613, 78.347, 80.12...      0.595     86.88  "
      ]
     },
     "execution_count": 35,
     "metadata": {},
     "output_type": "execute_result"
    }
   ],
   "source": [
    "rms_df.sort_values(\"test_acc\", ascending=False)"
   ]
  },
  {
   "cell_type": "code",
   "execution_count": 34,
   "id": "11393728",
   "metadata": {},
   "outputs": [
    {
     "data": {
      "text/html": [
       "<div>\n",
       "<style scoped>\n",
       "    .dataframe tbody tr th:only-of-type {\n",
       "        vertical-align: middle;\n",
       "    }\n",
       "\n",
       "    .dataframe tbody tr th {\n",
       "        vertical-align: top;\n",
       "    }\n",
       "\n",
       "    .dataframe thead th {\n",
       "        text-align: right;\n",
       "    }\n",
       "</style>\n",
       "<table border=\"1\" class=\"dataframe\">\n",
       "  <thead>\n",
       "    <tr style=\"text-align: right;\">\n",
       "      <th></th>\n",
       "      <th>model_name</th>\n",
       "      <th>train_loss</th>\n",
       "      <th>train_acc</th>\n",
       "      <th>val_loss</th>\n",
       "      <th>val_acc</th>\n",
       "      <th>test_loss</th>\n",
       "      <th>test_acc</th>\n",
       "      <th>final_val_acc</th>\n",
       "    </tr>\n",
       "  </thead>\n",
       "  <tbody>\n",
       "    <tr>\n",
       "      <th>6</th>\n",
       "      <td>BasicConvModel-Sigmoid</td>\n",
       "      <td>[1.669, 1.031, 0.817, 0.708, 0.635, 0.573, 0.5...</td>\n",
       "      <td>[39.282, 63.491, 71.651, 75.518, 78.202, 80.11...</td>\n",
       "      <td>[1.521, 0.869, 0.857, 0.646, 0.839, 0.837, 0.5...</td>\n",
       "      <td>[39.282, 63.491, 71.651, 75.518, 78.202, 80.11...</td>\n",
       "      <td>0.556</td>\n",
       "      <td>87.88</td>\n",
       "      <td>96.573</td>\n",
       "    </tr>\n",
       "    <tr>\n",
       "      <th>7</th>\n",
       "      <td>BasicConvModel-SwishAuto</td>\n",
       "      <td>[1.673, 1.041, 0.825, 0.708, 0.634, 0.576, 0.5...</td>\n",
       "      <td>[39.091, 63.371, 71.351, 75.613, 78.347, 80.12...</td>\n",
       "      <td>[1.513, 1.245, 0.738, 0.88, 0.718, 0.632, 0.64...</td>\n",
       "      <td>[39.091, 63.371, 71.351, 75.613, 78.347, 80.12...</td>\n",
       "      <td>0.595</td>\n",
       "      <td>86.88</td>\n",
       "      <td>96.531</td>\n",
       "    </tr>\n",
       "    <tr>\n",
       "      <th>3</th>\n",
       "      <td>BasicConvModel-MishAuto</td>\n",
       "      <td>[1.682, 1.049, 0.823, 0.716, 0.639, 0.578, 0.5...</td>\n",
       "      <td>[38.744, 63.016, 71.351, 75.427, 78.209, 80.08...</td>\n",
       "      <td>[1.596, 0.9, 0.772, 0.914, 0.681, 0.747, 0.752...</td>\n",
       "      <td>[38.744, 63.016, 71.351, 75.427, 78.209, 80.08...</td>\n",
       "      <td>0.550</td>\n",
       "      <td>87.76</td>\n",
       "      <td>96.529</td>\n",
       "    </tr>\n",
       "    <tr>\n",
       "      <th>4</th>\n",
       "      <td>BasicConvModel-GELU</td>\n",
       "      <td>[1.671, 1.039, 0.821, 0.713, 0.635, 0.572, 0.5...</td>\n",
       "      <td>[39.038, 63.104, 71.267, 75.251, 78.222, 80.19...</td>\n",
       "      <td>[1.59, 1.072, 0.776, 0.718, 0.739, 0.618, 0.84...</td>\n",
       "      <td>[39.038, 63.104, 71.267, 75.251, 78.222, 80.19...</td>\n",
       "      <td>0.573</td>\n",
       "      <td>87.64</td>\n",
       "      <td>96.518</td>\n",
       "    </tr>\n",
       "    <tr>\n",
       "      <th>2</th>\n",
       "      <td>BasicConvModel-Tanh</td>\n",
       "      <td>[1.672, 1.039, 0.817, 0.714, 0.642, 0.58, 0.53...</td>\n",
       "      <td>[39.042, 63.24, 71.758, 75.356, 77.84, 80.189,...</td>\n",
       "      <td>[1.492, 1.119, 0.749, 0.686, 0.635, 0.724, 0.6...</td>\n",
       "      <td>[39.042, 63.24, 71.758, 75.356, 77.84, 80.189,...</td>\n",
       "      <td>0.559</td>\n",
       "      <td>87.38</td>\n",
       "      <td>96.476</td>\n",
       "    </tr>\n",
       "    <tr>\n",
       "      <th>0</th>\n",
       "      <td>BasicConvModel-LeakyReLU</td>\n",
       "      <td>[1.68, 1.041, 0.818, 0.709, 0.638, 0.577, 0.53...</td>\n",
       "      <td>[38.573, 63.251, 71.533, 75.389, 77.962, 80.08...</td>\n",
       "      <td>[1.54, 0.972, 0.719, 0.643, 0.894, 0.71, 0.654...</td>\n",
       "      <td>[38.573, 63.251, 71.533, 75.389, 77.962, 80.08...</td>\n",
       "      <td>0.537</td>\n",
       "      <td>87.64</td>\n",
       "      <td>96.436</td>\n",
       "    </tr>\n",
       "    <tr>\n",
       "      <th>1</th>\n",
       "      <td>BasicConvModel-ReLU</td>\n",
       "      <td>[1.674, 1.051, 0.828, 0.72, 0.646, 0.585, 0.53...</td>\n",
       "      <td>[39.02, 62.567, 71.296, 75.018, 77.802, 79.851...</td>\n",
       "      <td>[1.883, 1.031, 0.828, 0.769, 0.71, 0.649, 0.62...</td>\n",
       "      <td>[39.02, 62.567, 71.296, 75.018, 77.802, 79.851...</td>\n",
       "      <td>0.552</td>\n",
       "      <td>87.70</td>\n",
       "      <td>96.331</td>\n",
       "    </tr>\n",
       "    <tr>\n",
       "      <th>5</th>\n",
       "      <td>BasicConvModel-ProposedAuto</td>\n",
       "      <td>[1.675, 1.042, 0.825, 0.718, 0.642, 0.582, 0.5...</td>\n",
       "      <td>[39.044, 63.127, 71.229, 75.111, 77.844, 79.93...</td>\n",
       "      <td>[1.533, 1.117, 0.733, 0.684, 0.708, 0.833, 0.5...</td>\n",
       "      <td>[39.044, 63.127, 71.229, 75.111, 77.844, 79.93...</td>\n",
       "      <td>0.511</td>\n",
       "      <td>88.55</td>\n",
       "      <td>96.280</td>\n",
       "    </tr>\n",
       "  </tbody>\n",
       "</table>\n",
       "</div>"
      ],
      "text/plain": [
       "                    model_name  \\\n",
       "6       BasicConvModel-Sigmoid   \n",
       "7     BasicConvModel-SwishAuto   \n",
       "3      BasicConvModel-MishAuto   \n",
       "4          BasicConvModel-GELU   \n",
       "2          BasicConvModel-Tanh   \n",
       "0     BasicConvModel-LeakyReLU   \n",
       "1          BasicConvModel-ReLU   \n",
       "5  BasicConvModel-ProposedAuto   \n",
       "\n",
       "                                          train_loss  \\\n",
       "6  [1.669, 1.031, 0.817, 0.708, 0.635, 0.573, 0.5...   \n",
       "7  [1.673, 1.041, 0.825, 0.708, 0.634, 0.576, 0.5...   \n",
       "3  [1.682, 1.049, 0.823, 0.716, 0.639, 0.578, 0.5...   \n",
       "4  [1.671, 1.039, 0.821, 0.713, 0.635, 0.572, 0.5...   \n",
       "2  [1.672, 1.039, 0.817, 0.714, 0.642, 0.58, 0.53...   \n",
       "0  [1.68, 1.041, 0.818, 0.709, 0.638, 0.577, 0.53...   \n",
       "1  [1.674, 1.051, 0.828, 0.72, 0.646, 0.585, 0.53...   \n",
       "5  [1.675, 1.042, 0.825, 0.718, 0.642, 0.582, 0.5...   \n",
       "\n",
       "                                           train_acc  \\\n",
       "6  [39.282, 63.491, 71.651, 75.518, 78.202, 80.11...   \n",
       "7  [39.091, 63.371, 71.351, 75.613, 78.347, 80.12...   \n",
       "3  [38.744, 63.016, 71.351, 75.427, 78.209, 80.08...   \n",
       "4  [39.038, 63.104, 71.267, 75.251, 78.222, 80.19...   \n",
       "2  [39.042, 63.24, 71.758, 75.356, 77.84, 80.189,...   \n",
       "0  [38.573, 63.251, 71.533, 75.389, 77.962, 80.08...   \n",
       "1  [39.02, 62.567, 71.296, 75.018, 77.802, 79.851...   \n",
       "5  [39.044, 63.127, 71.229, 75.111, 77.844, 79.93...   \n",
       "\n",
       "                                            val_loss  \\\n",
       "6  [1.521, 0.869, 0.857, 0.646, 0.839, 0.837, 0.5...   \n",
       "7  [1.513, 1.245, 0.738, 0.88, 0.718, 0.632, 0.64...   \n",
       "3  [1.596, 0.9, 0.772, 0.914, 0.681, 0.747, 0.752...   \n",
       "4  [1.59, 1.072, 0.776, 0.718, 0.739, 0.618, 0.84...   \n",
       "2  [1.492, 1.119, 0.749, 0.686, 0.635, 0.724, 0.6...   \n",
       "0  [1.54, 0.972, 0.719, 0.643, 0.894, 0.71, 0.654...   \n",
       "1  [1.883, 1.031, 0.828, 0.769, 0.71, 0.649, 0.62...   \n",
       "5  [1.533, 1.117, 0.733, 0.684, 0.708, 0.833, 0.5...   \n",
       "\n",
       "                                             val_acc  test_loss  test_acc  \\\n",
       "6  [39.282, 63.491, 71.651, 75.518, 78.202, 80.11...      0.556     87.88   \n",
       "7  [39.091, 63.371, 71.351, 75.613, 78.347, 80.12...      0.595     86.88   \n",
       "3  [38.744, 63.016, 71.351, 75.427, 78.209, 80.08...      0.550     87.76   \n",
       "4  [39.038, 63.104, 71.267, 75.251, 78.222, 80.19...      0.573     87.64   \n",
       "2  [39.042, 63.24, 71.758, 75.356, 77.84, 80.189,...      0.559     87.38   \n",
       "0  [38.573, 63.251, 71.533, 75.389, 77.962, 80.08...      0.537     87.64   \n",
       "1  [39.02, 62.567, 71.296, 75.018, 77.802, 79.851...      0.552     87.70   \n",
       "5  [39.044, 63.127, 71.229, 75.111, 77.844, 79.93...      0.511     88.55   \n",
       "\n",
       "   final_val_acc  \n",
       "6         96.573  \n",
       "7         96.531  \n",
       "3         96.529  \n",
       "4         96.518  \n",
       "2         96.476  \n",
       "0         96.436  \n",
       "1         96.331  \n",
       "5         96.280  "
      ]
     },
     "execution_count": 34,
     "metadata": {},
     "output_type": "execute_result"
    }
   ],
   "source": [
    "rms_df.assign(final_val_acc = lambda x: x['val_acc'].apply(lambda vals: vals[-1])).sort_values(\"final_val_acc\", ascending=False)"
   ]
  },
  {
   "cell_type": "code",
   "execution_count": null,
   "id": "374e0f80",
   "metadata": {},
   "outputs": [],
   "source": []
  },
  {
   "cell_type": "code",
   "execution_count": 43,
   "id": "63983224",
   "metadata": {},
   "outputs": [],
   "source": [
    "df = load_json_df(\"cifar10_log.json\")"
   ]
  },
  {
   "cell_type": "code",
   "execution_count": 44,
   "id": "44e937ae",
   "metadata": {},
   "outputs": [
    {
     "data": {
      "text/html": [
       "<div>\n",
       "<style scoped>\n",
       "    .dataframe tbody tr th:only-of-type {\n",
       "        vertical-align: middle;\n",
       "    }\n",
       "\n",
       "    .dataframe tbody tr th {\n",
       "        vertical-align: top;\n",
       "    }\n",
       "\n",
       "    .dataframe thead th {\n",
       "        text-align: right;\n",
       "    }\n",
       "</style>\n",
       "<table border=\"1\" class=\"dataframe\">\n",
       "  <thead>\n",
       "    <tr style=\"text-align: right;\">\n",
       "      <th></th>\n",
       "      <th>model_name</th>\n",
       "      <th>train_loss</th>\n",
       "      <th>train_acc</th>\n",
       "      <th>val_loss</th>\n",
       "      <th>val_acc</th>\n",
       "      <th>test_loss</th>\n",
       "      <th>test_acc</th>\n",
       "    </tr>\n",
       "  </thead>\n",
       "  <tbody>\n",
       "    <tr>\n",
       "      <th>0</th>\n",
       "      <td>BasicConvModel-Tanh</td>\n",
       "      <td>[1.864, 1.387, 1.142, 1.06, 1.014, 0.97, 0.945...</td>\n",
       "      <td>[30.32, 50.471, 59.976, 63.591, 65.407, 67.009...</td>\n",
       "      <td>[1.556, 1.239, 1.199, 1.058, 1.053, 1.122, 0.8...</td>\n",
       "      <td>[30.32, 50.471, 59.976, 63.591, 65.407, 67.009...</td>\n",
       "      <td>1.022</td>\n",
       "      <td>65.95</td>\n",
       "    </tr>\n",
       "    <tr>\n",
       "      <th>1</th>\n",
       "      <td>BasicConvModel-SwishAuto</td>\n",
       "      <td>[1.864, 1.369, 1.135, 1.053, 0.999, 0.962, 0.9...</td>\n",
       "      <td>[30.582, 51.089, 60.598, 63.829, 65.758, 67.16...</td>\n",
       "      <td>[1.664, 1.243, 1.226, 1.071, 1.368, 1.164, 1.2...</td>\n",
       "      <td>[30.582, 51.089, 60.598, 63.829, 65.758, 67.16...</td>\n",
       "      <td>0.893</td>\n",
       "      <td>68.97</td>\n",
       "    </tr>\n",
       "    <tr>\n",
       "      <th>2</th>\n",
       "      <td>BasicConvModel-ReLU</td>\n",
       "      <td>[1.859, 1.377, 1.153, 1.061, 1.01, 0.97, 0.949...</td>\n",
       "      <td>[30.642, 50.8, 59.802, 63.713, 65.48, 67.313, ...</td>\n",
       "      <td>[1.548, 1.169, 1.017, 1.299, 0.943, 1.007, 0.9...</td>\n",
       "      <td>[30.642, 50.8, 59.802, 63.713, 65.48, 67.313, ...</td>\n",
       "      <td>1.056</td>\n",
       "      <td>64.44</td>\n",
       "    </tr>\n",
       "    <tr>\n",
       "      <th>3</th>\n",
       "      <td>BasicConvModel-GELU</td>\n",
       "      <td>[1.86, 1.378, 1.144, 1.073, 1.013, 0.988, 0.95...</td>\n",
       "      <td>[31.151, 50.782, 60.133, 63.142, 65.344, 66.39...</td>\n",
       "      <td>[1.538, 1.224, 1.41, 1.026, 1.045, 1.328, 0.96...</td>\n",
       "      <td>[31.151, 50.782, 60.133, 63.142, 65.344, 66.39...</td>\n",
       "      <td>1.280</td>\n",
       "      <td>60.15</td>\n",
       "    </tr>\n",
       "    <tr>\n",
       "      <th>4</th>\n",
       "      <td>BasicConvModel-LeakyReLU</td>\n",
       "      <td>[1.85, 1.354, 1.134, 1.05, 1.007, 0.979, 0.952...</td>\n",
       "      <td>[31.662, 51.76, 60.676, 64.071, 65.647, 66.536...</td>\n",
       "      <td>[1.561, 1.402, 1.056, 1.054, 1.004, 1.265, 1.0...</td>\n",
